distortions:
  -0.5: -1368.30164809
  -0.4: -1360.33854785
  -0.3: -1368.30175395
  -0.2: -1368.30176922
  -0.1: -1368.30179961
  0.0: -1368.30196276
  0.1: -1368.30195793
  0.2: -1368.30148163
  0.3: -1368.30335453
  0.4: -1368.30432887
  0.5: -1368.30324869
  0.6: -1368.30642913
Unperturbed: -1366.8956831
