distortions:
  -0.5: -1363.42469629
  -0.4: -1363.42457305
  -0.3: -1363.42460107
  -0.2: -1363.4247121
  -0.1: -1363.42471375
  0.0: -1363.42471377
  0.1: -1363.42489674
  0.2: -1363.42543628
  0.3: -1363.4241203
  0.4: -1363.43100586
  0.5: -1363.4280544
  0.6: -1363.43292487
  Rattled_from_+4: -1363.427061
Unperturbed: -1362.20331605
