distortions:
  -0.4: -1355.53248177
  -0.3: -1355.53238507
  -0.2: -1355.53229283
  -0.1: -1355.53219301
  0.0: -1355.53209265
  0.1: -1355.53215063
  0.2: -1355.53243387
  0.3: -1355.53143304
  0.4: -1355.53909008
  0.5: -1355.5338567
  0.6: -1355.531677
Unperturbed: -1354.54928545
