distortions:
  60.0%_from_+3: -1372.36618989
  Rattled: -1372.74191295
Unperturbed: -1371.33261467
