distortions:
  -0.4: -1347.63856095
  -0.3: -1347.63849268
  -0.2: -1347.63854648
  -0.1: -1347.63856183
  0.0: -1347.6384532
  0.1: -1347.63926129
  0.2: -1347.63996461
  0.3: -1347.63956701
  0.4: -1347.6433371
  0.5: -1347.63937688
  0.6: -1347.63862278
  Rattled_from_+4: -1347.64153286
Unperturbed: -1346.6201478
