distortions:
  Rattled: -1372.74191295
Unperturbed: -1371.33261467
